hypervolume : 24.617936229677895
0.9976590793415472	0.007861487588842211
0.9976590793415472	0.007861487588842211
2.0012599374964616e-05	1.0121689730231738
0.2651477476827051	0.4953253720894264
0.006428037415568161	0.9349019946728816
0.8845021374809549	0.06695027125069308
0.07169928810116064	0.7492657449713489
0.532838143017071	0.2823471018052531
0.5029575043128336	0.3031919057911238
0.08085946259023913	0.7290024894159416
0.867401492777264	0.07905823181920676
0.0015486055369487717	0.9784049065997719
0.0015486055369487717	0.9784049065997719
0.9037070170294356	0.05629823031236423
0.3921044696609584	0.3824721082576071
0.10366411770135708	0.6926566029571725
0.8330369041554488	0.09738161700952086
0.5572388939670352	0.2660271003539116
0.08752172586063944	0.7158076849879738
0.6132106825978524	0.22739484776987
0.6936677210171808	0.17734245689951494
0.6599526572260963	0.19788399914940222
0.4261357940274936	0.35950595344207864
0.6707499950529044	0.18866794123342662
0.22848920488882218	0.5378949684264048
0.06131480096772479	0.7639427268596882
0.36989104680973617	0.40506014177594324
0.0958049071475034	0.7022487061895484
0.6277471595046091	0.22020305912426083
0.11392299803375176	0.6777849860669092
0.41348508255078437	0.3697892546496886
0.21109957289750747	0.554021079223864
0.02158886849962145	0.8677302336524852
0.13190573421717994	0.6493283970690492
0.040733560116135825	0.8143619569038837
0.3539867178440277	0.41919354880475357
0.7294455221711179	0.15258032785626957
0.8470437872433034	0.0885837590312287
0.977177322328793	0.017581629801704145
0.1990968093206992	0.5685751632373661
0.3348809719241944	0.43271930603318376
0.01595358290297838	0.8873254541050607
0.2370225482245158	0.528377640488035
0.00030732521336879204	0.9961433359449614
0.008698442614140545	0.924446927699201
0.6833889414429573	0.18071492703872555
0.9260063552317614	0.04475644173563085
0.40339080339056843	0.37481163097597875
0.5948740829216645	0.24067487266067356
0.030925435980177773	0.8368321329542927
0.21523566713845232	0.5467253994815561
0.15477994692334562	0.6195794569704663
0.4847641198895368	0.3166865696580734
0.34997856012074574	0.42239825458774644
0.6006871677759917	0.23453923401073376
0.4842624598213462	0.31761317903166764
0.4576445980693573	0.3354988044680412
0.9641434350051346	0.025877319785798387
0.3002693741114594	0.4649483276287769
0.4473335904282847	0.34154432695901077
0.8571745601238039	0.08470326250615806
0.3290554913536423	0.43756848540837223
0.7967843010473057	0.11851825131903956
0.9427399610528437	0.0373462552025327
0.29137152747483797	0.47501177826067287
0.25267053541469736	0.508153474731305
0.6467947242293719	0.2057758168586916
0.04238448777363725	0.8107210900338261
0.9458514175706549	0.034318615735374626
0.1938537345661719	0.5730321430109482
0.763030777420541	0.13620603066139553
0.7761687434748326	0.1293450595547167
0.057500201287125796	0.7749499411147363
0.17607983369879857	0.5937207142322422
0.027813714976766157	0.8503010808393154
0.05398567754885325	0.7834123116888629
0.4653609168143777	0.32874969721980574
0.436868937539407	0.3521127922702942
0.28577302987056574	0.4795739127055092
0.28577302987056574	0.4795739127055092
0.0494207522928401	0.7950013235437756
0.582053448922784	0.24971867060348515
0.7497539817044332	0.14351847098303447
0.8091581831425105	0.11170791209845185
0.025373773867948674	0.8587502000594122
0.5247245497308191	0.28643862786091917
0.9922390016206202	0.013352150769139173
0.16133087018946846	0.6133421453761649
0.014479300780219584	0.8965214291927851
0.6365186742841454	0.2120371907682158
0.3188336598964432	0.44602911249532334
0.9666836651037038	0.0244360608370122
0.711268832587054	0.16731024648492343
0.7589969098370282	0.1394585854778518
0.8203878249210916	0.10384729308132067
0.5188448729681466	0.29192432931755524
0.1859387957044275	0.5832984688859852
0.7130098057668076	0.16369151814121224
0.742904930623964	0.1474493849748261
0.012636536145286703	0.906442477622048
