hypervolume : 24.224698259540475
0.999638141726235	0.08187809797268236
2.0012599374964616e-05	1.1706615930866673
0.17847847783440846	0.7058489096437677
0.415313585224577	0.46667112696831536
0.39818166386825865	0.4850853626053083
0.693458701554259	0.2554571619965387
0.3413261322544633	0.5114479144064195
0.19905524532420918	0.6750456934260967
0.11495140845246354	0.7992942294725073
0.7240492342938128	0.24904978939994352
0.43030098067624123	0.4494970919604362
0.523272036506305	0.3709698700594143
0.508428791024546	0.3854127193479287
0.9249298190770846	0.12915882053412384
0.5468569508627713	0.36757942631978774
0.00533835765967026	1.0767290125986195
0.13721115359644417	0.7702194220861627
0.14172695095492072	0.7447630981827541
0.15557938404567806	0.734709655298453
0.6766215456519087	0.2653657523986813
0.0022779556896468933	1.110371047609242
0.1620679677421254	0.7118904975927729
0.3295827600222272	0.5399009475912403
0.12968427525852663	0.7876974169199834
0.3616916455671618	0.5101472397490169
0.10682593628992282	0.8249051261595122
0.2966317178648758	0.5648337453870723
0.8938404602013954	0.14190322826262067
0.5670029719387022	0.3621720722551565
0.04511201979517329	0.9288721423465544
0.6662976747867898	0.2856854730449736
0.01768895430110365	1.0128068539342738
0.06439340544064331	0.8805285230126979
0.055849516208233474	0.904918995258607
0.8072338464707345	0.19315528656891978
0.23802796359153616	0.6445363929025013
0.6364260865546977	0.29468463707653625
0.4743811883032515	0.42012823072390987
0.4458792588389856	0.439437233279257
0.9364380455711679	0.11485427319359334
0.8558000190929383	0.154249280564663
0.9556342702370488	0.10762227712225514
0.45484809956583644	0.4291888203227779
0.8800589235992653	0.15099176861792113
0.7768543814140426	0.21200170686752046
0.08663941313034146	0.8561434784236586
0.5779535119658771	0.35084696225028633
0.7996279620472212	0.21153603325770298
0.002225546150609506	1.1274448092083833
0.10250512760516711	0.8374867997702251
0.08902792202420723	0.8415885923500191
0.49302121178624453	0.39688105490790876
0.2426717466073186	0.6254150589303398
0.05482740234206013	0.9127660895428359
0.5941611772099195	0.32899184991630603
0.8442707117171817	0.16906156146590204
0.37707456290346475	0.49851734311441515
0.8242466969167705	0.1847473162793353
0.7557826835958004	0.22873374777020414
0.28719576447245443	0.5840296770673901
0.8402974551246656	0.17248453941554306
0.3112060715979391	0.5586145023790932
0.9740412886994245	0.08920407070927105
0.007993290196411207	1.0604133825313338
0.2753256772489515	0.5895077017523201
0.7529703483431968	0.23727767200673042
0.8249142273456447	0.17997458930205856
0.8636755295472722	0.15147946064836504
0.011295984387331842	1.0524131084077781
0.49086252869398767	0.40221058441238994
0.32820138258305465	0.5505201072045549
0.01474811199706777	1.0381329665504655
0.6286398347277948	0.3177975869418892
0.07208921466106749	0.8796673162501387
0.6688359310247713	0.2832723688938629
0.5816421120890887	0.3409376543206365
0.2700826776857007	0.6086566179177796
0.02874484456479774	0.9830278617137556
0.0006206594957322842	1.1453003093687981
0.7706406503098001	0.22433133821329046
0.6093272984106752	0.32190504905441897
0.4824622374836698	0.41489176872893957
0.02779995343452163	0.9978535413662776
0.8023314889233919	0.20281346482654958
0.040702175662345075	0.9431111402048058
0.040702175662345075	0.9431111402048058
0.02117669125800037	1.0014793064967802
0.07636922414082475	0.8651580215916038
0.5845196629402569	0.3301460002414997
0.20217986012225697	0.662411746280081
0.7398616868570302	0.24502078706198738
0.27213203551697634	0.5974185774426336
0.6354386330825472	0.3030276614447002
0.8913022013831334	0.1435705298961399
0.22584213504173162	0.6486965345570914
0.0331148210357029	0.9646801994870491
0.9720696680002067	0.096576566226586
0.6102685066328001	0.3195787006410199
0.6326639349394931	0.3150686262700468
0.7422654254396234	0.24376012970582697
