hypervolume : 23.508972552616772
0.9976049242356402	0.21668777150021215
0.9976049242356402	0.21668777150021215
4.778062493221089e-07	1.4208597133955496
0.6086559533083097	0.5010921292874565
0.18989397156065826	0.877354561293534
0.25377481490780684	0.7907297121339417
0.5529613957561823	0.527989526625436
0.7840535579151436	0.3630171809905801
0.06659315691386297	1.097456174064113
0.051777028455154576	1.1601658434354705
0.9310128954912866	0.27078744944099675
0.33750530545312335	0.7124689054944796
0.477798515142164	0.6068435308540787
0.32248161337139847	0.7287030384443033
0.21730013299840367	0.8416033157205025
0.21730013299840367	0.8416033157205025
0.08514848515070145	1.0285246154213998
0.8491067395620959	0.3178790857948533
0.1667571421541818	0.915444342868029
0.42940868873059584	0.6241908289916168
0.42940868873059584	0.6241908289916168
0.07708355020495947	1.0562409829707216
0.11518897126008214	1.0193357946538866
0.36068764775928003	0.6823705255210387
0.7466522638987658	0.3798466355680718
0.905083050369838	0.2867893526441574
0.13792376935417502	0.9775032173579528
0.03153954319745489	1.1910719539116226
0.8018615453306877	0.343351429273357
0.11619567856710564	0.9904077541411218
0.2618397617846931	0.7715140006898992
0.6987111307934115	0.41387782335966444
0.864291823117666	0.3100432969360862
0.639362296164051	0.44327578593558015
0.39073305144703263	0.6672175094545586
0.014599358264823878	1.2643668462968247
0.0005028362725650326	1.3967862201295589
0.9509444365432218	0.2488427123268117
0.9509444365432218	0.2488427123268117
0.06762320586101983	1.082996087699356
0.021417923486271778	1.2229808235110071
0.7073676036562137	0.3901590282984737
0.8256170077718468	0.3412143265107858
0.8256170077718468	0.3412143265107858
0.5305850460770872	0.5513699027791398
0.40797465492597906	0.6420944795749887
0.40797465492597906	0.6420944795749887
0.9774663457248692	0.2343483973799974
0.5154953109651881	0.5681664827134765
0.8862905786521639	0.3014183449852
0.6320895293011317	0.45946397093789276
0.6639368180293761	0.4393880093403067
0.1656626787743906	0.9244996797630567
0.0372056158767437	1.1691735393651133
0.14940399019993383	0.9371851399924667
0.016265576474143173	1.2349704030819912
0.36455057886424685	0.6706388028177526
0.6673477638465399	0.4337200713559741
0.7410703028095266	0.38558058066627676
0.0031548338860037384	1.3476336569218397
0.28449447122144944	0.7650529684719352
0.28449447122144944	0.7650529684719352
0.14141456160706134	0.947221685090811
0.006657827846409198	1.3144283934563492
0.0035382368631168004	1.33183974966236
0.8947105602678604	0.30109274008986864
0.5102674289378084	0.5754313626177855
0.3004792065934274	0.7525764120505335
0.3004792065934274	0.7525764120505335
0.5363784382741503	0.5414298833189057
0.3825391771018411	0.6688512959331905
0.012862159002058952	1.2875809157105171
0.503148068601222	0.5899503968002916
0.503148068601222	0.5899503968002916
0.0007411777795955504	1.3666823353806317
0.0007411777795955504	1.3666823353806317
0.6842460492839254	0.42414184148403977
0.6842460492839254	0.42414184148403977
0.9952934031380652	0.22594246368589016
0.630889787944536	0.4806735867658504
0.630889787944536	0.4806735867658504
0.010987401659443525	1.3032545069152361
0.721758610966122	0.3881449051414127
0.721758610966122	0.3881449051414127
0.48767983639302503	0.5947324900921284
0.48767983639302503	0.5947324900921284
0.29005289871821527	0.75453472482562
0.29005289871821527	0.75453472482562
0.631792724306494	0.4788352905122913
0.5454197472323488	0.5337231106362761
0.14762104629938416	0.9429568604466836
0.04594209072834482	1.168075450835149
0.018885076183727978	1.229458054478995
0.9830729666842708	0.22903127420080918
0.5475929080198525	0.5326415973028203
0.48360734007656714	0.6028457189749871
0.4842688905758611	0.6011129676768274
0.9787949540695626	0.23173687772305235
0.012032414261531621	1.29521452026643
0.012032414261531621	1.29521452026643
