hypervolume : 24.583921549487847
0.9968466816503918	0.014249600893461799
0.9968466816503918	0.014249600893461799
2.0012599374964616e-05	1.025103365070578
0.9514818276897008	0.0376557106773699
0.33542212079652883	0.443287870336029
0.4637454659983641	0.3385783654679115
0.43856215362184625	0.35656503622156377
0.37435352121446197	0.41202158184394483
0.31793622109006897	0.45821473702623794
0.40050473089707056	0.38849786277707665
0.10499022556928278	0.6995526305036694
0.01338823288846236	0.9157856725912608
0.7335425370441611	0.16212950561949896
0.9793008452760752	0.024023490188072618
0.43087191577351247	0.3600105226139016
0.2546273416632987	0.5150979972784878
0.2428815660707931	0.5272320857194444
0.08950262972465903	0.722331347816904
0.006254841796427657	0.9506796777814146
0.5147559238213422	0.2985756776686171
0.8414898877108402	0.09878852643304417
0.7144177196871809	0.17249479315090882
0.9318215294258068	0.05080997575149288
0.794142289722624	0.12535367632197006
0.13272616304514592	0.6621473823863699
0.6896099619199423	0.18718899437240885
0.06289729340676603	0.771277252659314
0.5698631063195957	0.26143607133147523
0.5602192055857028	0.2701969498399959
0.41360251054625535	0.37697409975686813
0.03903696264946793	0.8229656516178432
0.809803070561228	0.11791611510913273
0.03734546856365295	0.8312261455704872
0.12400425246406899	0.6731378618712011
0.6190046123188748	0.23082982293176876
0.1778576192145419	0.6015380611970762
0.8152545858382426	0.1106646900626743
0.2680677348545226	0.5021870719423684
0.16396235958308006	0.6181860511826677
0.030255194381532013	0.8489209615048633
0.7836551085352067	0.13061721241980484
0.05742424368866503	0.7860268147548767
0.6754475802477067	0.1945807219395563
0.3047513120211816	0.46649113394007435
0.205187600557814	0.5709209335754745
0.18587344034497627	0.5924089513161597
0.23390649302648991	0.5388184618146937
0.28314657804431187	0.48925637311693204
0.5336212597218059	0.2899603417631849
0.5822017006308007	0.2544819129767627
0.023200458583405442	0.8779359462222907
0.7306970331206339	0.1650891453235328
0.4879334296814375	0.32097071290976753
0.8569651105915125	0.09063303188749146
0.8735972568322283	0.08104108403688876
0.7726107330013484	0.13626849112584383
0.7599674192471452	0.14456716568398387
0.7599674192471452	0.14456716568398387
0.0012434463074008084	0.989632384585194
0.08191627912165453	0.7386627453636316
0.04868263813180179	0.8065291483804792
0.13820442112206704	0.6484482187174783
0.4976546340656092	0.31450962740579397
0.1509616975686635	0.6359114992685451
0.027943781040462634	0.8587888427776107
0.6700615110609724	0.1996403124509159
0.8876359914946155	0.07610065530862924
0.14451138061712937	0.6466686293191646
0.10904768240565707	0.6908433573568138
0.47297627303006384	0.3283299791356984
0.9077765989208638	0.06511338471842257
0.9077765989208638	0.06511338471842257
0.36068169525102917	0.4225056171511141
0.37043497653643703	0.41255425014978453
0.6072761373533202	0.23631076320127198
0.08872740195588971	0.7272115827219825
0.023210890761736824	0.8762582332901696
0.01675697052688735	0.8995215343322627
0.659991246070782	0.20472991604617893
0.003633136975836719	0.9657691360093049
0.5864306145918716	0.24835792455028347
0.00024478634948285616	1.0121763343959749
0.506550855556043	0.30521714658509036
0.3007346445103534	0.47271438745931577
0.7022760396121684	0.17716465246336055
0.5479500923575302	0.27576103395045687
0.002649903959371952	0.9720393965734974
0.07100809270865932	0.7617618232627594
0.6551000356728456	0.20821376063000488
0.19477941993818634	0.5835387941665323
0.5455547862435206	0.2812319723789419
0.9841923489368565	0.022456704245351875
0.8298316884245018	0.10465907916657692
0.3523772606325227	0.42850263813074085
0.3523772606325227	0.42850263813074085
0.41146192361688505	0.38030431640557283
0.9941302490141652	0.01763353476069675
0.11561485067108676	0.6793535994404691
0.5350428524449303	0.28815892681574623
0.05398962842126254	0.794699552855015
