hypervolume : 24.330321468593166
0.0	1.0000000393315467
0.0	1.0000000393315467
0.9999997233823681	6.187103405654386e-07
0.9999997233823681	6.187103405654386e-07
0.9031065868307226	0.18439860544399228
0.5893663643606388	0.652647382352775
0.08594788142554671	0.9926348814060657
0.8201182834872819	0.32740616470000694
0.4958188459588456	0.7541637423641976
0.8953124577962148	0.198415732370783
0.841110919162679	0.2925325589983246
0.8300148609075572	0.31107540444338094
0.06634582698757252	0.9955982593497991
0.37865312319273764	0.8566218678125315
0.7183653694482808	0.4839512864668653
0.975108771951712	0.04916297966376091
0.04402650808363934	0.9980617143802468
0.78091017228409	0.39017939786618444
0.9366809846265273	0.12262882872393593
0.7379116101713443	0.455519913839699
0.5462577163525573	0.7016025965257278
0.02884173159232345	0.9991682053862705
0.6712142125975934	0.5494715732167562
0.46682255732000044	0.7820768301805319
0.8611217739904516	0.2584693833560947
0.881822163808377	0.22238973987631683
0.5971390766570077	0.6434249884226484
0.6940036005823185	0.5183590951516159
0.8551293778436209	0.2687538069237585
0.15632381173034204	0.975562908266732
0.3057571513140578	0.906512645613883
0.6866268186184717	0.5285436760849131
0.7002470231891893	0.5096541887604727
0.5337788044526725	0.7150802673649903
0.4832403925371379	0.7664787931994251
0.788092239851858	0.37891075626317855
0.35720778406036013	0.8724026298790385
0.1178770868932914	0.9861050407507466
0.8881433533592828	0.21120155460413767
0.6424451315681695	0.5872643289186033
0.9298484391594906	0.13538193748193147
0.6734232346932161	0.5465012065854037
0.5293796825491437	0.7197572306875111
0.9346700438201828	0.12639199845212495
0.7305115086314746	0.466353007725213
0.6630026206076849	0.5604276022437679
0.5528356656616806	0.6943728567338836
0.3951079247294906	0.8438897914807124
0.5757332316192153	0.6685313253211456
0.5757332316192153	0.6685313253211456
0.6796344102980196	0.5380971628903762
0.4002738449621299	0.8397809156739737
0.7746696930153155	0.3998869335082025
0.05351057443116164	0.99713667888573
0.9087450959579201	0.17418245370175836
0.723705172996995	0.4762509639138321
0.2574058016967454	0.9337422889221971
0.9435651441839628	0.10968493416449196
0.9435651441839628	0.10968493416449196
0.3494173343986076	0.877907600211972
0.09471122371908142	0.9910298343230283
0.84757265142516	0.28162070517019927
0.6478971425541262	0.5802293533415344
0.9827781231043784	0.03414725247320753
0.9694365230393573	0.06019292988802771
0.21663317469869442	0.9530701138115232
0.6907350266833114	0.5228852149815718
0.9639937096102844	0.07071630938755837
0.29269478167223933	0.9143298221723809
0.8702310469408294	0.24269802635512047
0.7123067868709747	0.49261915352871255
0.4549091779927171	0.7930577120474829
0.25090473271377056	0.9370468606711084
0.4395579381028124	0.8067888842825178
0.6060397254839806	0.6327159246257908
0.6060397254839806	0.6327159246257908
0.9198902866099392	0.1538019302584153
0.17392504572564077	0.9697501318901246
0.7260742350762445	0.47281634863408906
0.10143900178667137	0.9897101979857647
0.23449811019809322	0.9450106925700871
0.9524482189123278	0.0928424700214335
0.681499340856127	0.5355587147420714
0.9570243427391489	0.08410452243522186
0.10858289771664287	0.98820980367244
0.01600762634263808	0.9997438043283127
0.33142857340657916	0.8901551343584737
0.5698173263766914	0.6753082669833729
0.6339306439723044	0.598132021908276
0.8308520986684278	0.3096848820264755
0.9132060699129392	0.1660548210444913
0.6566389368652444	0.5688253612096649
0.9222813236447573	0.14939728011795425
0.8167449130029527	0.332927828193977
0.6123740233733886	0.624998151324704
0.7695841939931125	0.4077402455664868
0.13117052481888922	0.9827943471709848
0.6628642303893678	0.560611092564766
0.6248555611406882	0.6095555991091356
0.5397294945701747	0.7086922774480668
0.5598680469291983	0.6865479104150142
0.296165897090203	0.912285812969865
0.7976948531748738	0.36371848230218745
0.06119471839663848	0.9962552457825559
0.5097222859215405	0.7401832633923137
0.31575206216265067	0.9003006871209513
0.31575206216265067	0.9003006871209513
0.6267425000778312	0.6071939752686369
0.8118869801138234	0.3408396481264725
0.22819684751703648	0.9479262486884329
0.8067767061447786	0.3491114548001045
0.40565178919043837	0.8354467197401417
0.4127971046744101	0.8295986069212179
0.8365969741020542	0.3001056035724986
0.41890892560174364	0.8245153753284562
0.9492650880420168	0.0988958875906526
0.9492650880420168	0.0988958875906526
0.5063444318758765	0.7436153882207696
0.5063444318758765	0.7436153882207696
0.38551048445793745	0.8513817394446536
0.5928563501075845	0.6485214605023901
0.8797800621644467	0.22598714062292938
0.863838294515052	0.25378348811892903
0.3894836385625929	0.8483025679296194
0.020558550397274666	0.9995774179808254
0.7443222527468749	0.4459844511103771
0.7443222527468749	0.4459844511103771
0.1910644133745658	0.9634944487515912
0.36154704672753174	0.8692837962164499
0.4080718020282334	0.8334775058403708
0.8529172928876512	0.2725321996147926
0.9162813913499266	0.1604285405783679
0.7031089083308016	0.5056379590433235
0.7931148937760164	0.37100433687602813
0.979139334648668	0.04128627871052842
0.8121853178966676	0.3403551173269274
0.766092555991776	0.4131023109567289
0.9098244899161454	0.17221951322812368
0.620223619609957	0.6153227613793067
0.5724142334282515	0.6723420114532623
0.49063531122594156	0.7592770532251252
0.49063531122594156	0.7592770532251252
0.7633080635245684	0.41736087184339987
0.43353934557327584	0.8120437023576387
0.7563944412562853	0.42790169387014454
0.874633996442888	0.23501550859383452
0.8660796636556435	0.2499060893023871
0.5134270124984072	0.7363927622714814
0.28198311493385386	0.9204855843586177
0.3450819044112511	0.880918542231613
0.9932158264046762	0.013522456026516626
0.8503296284250335	0.2769396209337784
0.9902370380479857	0.01943073265176733
0.6311416219813599	0.6016603260890835
0.8036050875460563	0.3542189624540535
0.33915586917385565	0.884973365171479
0.33915586917385565	0.884973365171479
0.7502771098332446	0.43708437446781745
0.6389456870990716	0.5917484961795432
0.18211794777287754	0.9668330942918786
0.45734630094620937	0.7908344260602204
0.45734630094620937	0.7908344260602204
0.5190953095684538	0.730540120173268
0.1465997617143395	0.9785085908668029
0.32244059367095745	0.8960321335122532
0.5157558862443395	0.7339960069067464
0.469839233017711	0.7792512066135846
0.11486056582706064	0.9868071145555711
0.9252427891696869	0.14392588483194177
0.8683197769775328	0.24602086672184373
0.9607309617449463	0.07703874271993669
0.43515739676165754	0.810638110651633
0.7986827132264283	0.36214150838661757
0.36948034492190784	0.8634843311272989
0.5623906625751861	0.6837168794431504
0.5623906625751861	0.6837168794431504
0.14006094667272945	0.9803830328685884
0.32278444343017676	0.8958102569246887
0.5242091277663206	0.725204861929002
0.9942785068231652	0.011410340786011518
0.26897974668213614	0.9276499652054429
0.761154472507392	0.4206448327030944
0.9991231749528187	0.0017529632991136082
0.7079775856349286	0.49876789113363845
0.9700412950546062	0.05901997491809385
0.5214827253000552	0.7280558775315163
0.9276551919236861	0.13945593796310632
0.47994470716481685	0.7696531548684975
0.4442627045102815	0.8026307223175001
0.2633026996724018	0.9306717402635909
0.8768535148253415	0.23112810853828425
0.7481045899321076	0.4403396083255459
0.7927320230977137	0.3716122412314326
0.27466793944546386	0.9245575634837887
0.7780910692309724	0.3945743460220535
0.9803166067962826	0.038979430176662576
0.20421156129763135	0.9582976942697887
0.44831874368398167	0.799010399714359
0.16341200327985633	0.9732966169036468
0.3017901832571008	0.9089227388652398
