hypervolume : 24.213931349510734
0.9994080058835086	0.024289365595112175
0.9994080058835086	0.024289365595112175
5.520122542818084e-07	1.009824471025629
0.4916070209876785	0.7746965278405785
0.6872845153033221	0.5475204091223465
0.4685268338685687	0.7941154036766253
0.15089148035895933	0.9879883410364143
0.9011444497567999	0.21135050839772376
0.07251993656890998	1.0054733491291923
0.12050912499321742	0.9965733275930578
0.7816402572920842	0.40930941162360324
0.4266370400917659	0.8314632806468382
0.037064035037283616	1.0097788033296162
0.8138439497614487	0.35751403339524623
0.7513989330700056	0.4562671740775912
0.9385488744058156	0.14304841310806823
0.8463557085198151	0.3058743315393704
0.3390716142593019	0.899421948103386
0.6132232284097385	0.6458686653222291
0.6444339006434369	0.6007777345013267
0.5672032278964586	0.695094929482519
0.2861810097746565	0.9311531546301002
0.9592440529032207	0.10215975862265438
0.627645180572181	0.6212923262644255
0.627645180572181	0.6212923262644255
0.047470098488057666	1.008746506799776
0.308429723264375	0.9180221887162876
0.4440597863380875	0.8197127691188151
0.2383397627747611	0.9553115132208443
0.9454359405540094	0.12950754807251208
0.9116997972674049	0.18978013407735442
0.665024288332849	0.5750424360760901
0.665024288332849	0.5750424360760901
0.9825927668429968	0.06024668360955669
0.9753118890663036	0.07123511217330847
0.6903410115288342	0.5419558466738481
0.9921073803676803	0.041290370527052485
0.6556868066101564	0.5882433512452426
0.8028401469140334	0.38056424036092945
0.41468616347667075	0.8398531381686403
0.7286159376492556	0.4858969325630818
0.7168124807310269	0.5043905090119053
0.5908062837828756	0.6665641389143505
0.5532179103515613	0.7095870774088033
0.7013189229310235	0.5263731592746402
0.7604140195984713	0.4467932690938601
0.357363207082431	0.8873606927220516
0.8363480151348247	0.3229741806510622
0.7700406448979911	0.4253910891436993
0.5974517367979558	0.6578595838667773
0.10984320607484754	0.9992746829510781
0.887890007456037	0.23133115624942968
0.5824463197832384	0.6760821810955929
0.894485807769618	0.2249430768755538
0.8529059483949741	0.29460085695362326
0.32975675662895076	0.9039403826346495
0.9880170300543403	0.0477233545233699
0.8331072655865209	0.3254479172058669
0.44958104625779016	0.8155014107579563
0.39975827520987517	0.8537015468194411
0.71155888306347	0.5125023605718444
0.263284792319769	0.9424151031559967
0.7709190776017016	0.42531361793224953
0.5134027363200566	0.7514663524092369
0.5134027363200566	0.7514663524092369
0.2780788012365121	0.9400539608312185
0.3892202992160523	0.8625802065257386
0.2502950804805515	0.9486789247581758
0.4579140779787555	0.8051179928627783
0.7914495700155495	0.39383297214126006
0.7914495700155495	0.39383297214126006
0.9686225533048525	0.08217753855196135
0.09407313458105948	1.0027881731348556
0.5018505783084778	0.7624003758924732
0.921027223843649	0.17380214009568118
0.22531916152213055	0.9626078852417173
0.7383793823791862	0.47397238714757983
0.7383793823791862	0.47397238714757983
0.914779703574662	0.1876809854194191
0.8805591746441254	0.250072389217151
0.17758480846149077	0.981655907328381
0.8061974892321471	0.36876063887230354
0.8646640682955481	0.27217674048858
0.8646640682955481	0.27217674048858
0.9313805513028698	0.16060787819120717
0.7049306731615176	0.5233493240137767
0.5297225168800694	0.7339506080852483
0.5297225168800694	0.7339506080852483
0.9517213197903976	0.11886651403642491
0.8246756457212491	0.3397498935806637
0.605906408779627	0.6504241986775804
0.5033152681554782	0.7606027206926008
0.5735263308821357	0.68743689983033
0.1973137908329084	0.9737821071724686
0.7307431569156834	0.48484030775153447
0.4623847761304883	0.8013380211474719
0.9657179480186417	0.09090696301184165
0.5790265912669769	0.6844813161591604
0.3106402830060048	0.9165596362916684
0.19606309904224106	0.9753282077843126
